function [ dx ] = finalSystem( ~,x)

B = [-9    4.0000    2.1000   -0.4000;
   -3.2000   -7.6000    5.0000    2.6000;
    1.6000    4.9000   -4.2000    3.2000;
   -1.7000    0.4000   -0.9000   -8.0000];

dx = B * x;

end

